sources:
  Firebird-2.5.2.26540-0.tar.bz2: 1b91d3b01d27ea420d21daa025ded3dffa9b297a
  Firebird-2.5.3.26778-0.tar.bz2: 63021a28765b07ede2671de75d3a4e2e358a9909
