sources:
  Firebird-2.5.8.27089-0.tar.bz2: 4d8de19510409ab020f8c0a4a8a010407427e8bf
  Firebird-3.0.4.33054-0.tar.bz2: 7a78f96099f19373c55cd1451430632887fcf137
